X T1 T2 pXT1T2
+1.500000 -1.000000 -1.000000 +0.052376
+1.500000 -1.000000 +0.000000 +0.075699
+1.500000 -1.000000 +1.000000 +0.006417
+1.500000 +0.000000 -1.000000 +0.006370
+1.500000 +0.000000 +0.000000 +0.008105
+1.500000 +0.000000 +1.000000 +0.060800
+1.500000 +1.000000 -1.000000 +0.011580
+1.500000 +1.000000 +0.000000 +0.058888
+1.500000 +1.000000 +1.000000 +0.013819
-1.000000 -1.000000 -1.000000 +0.056854
-1.000000 -1.000000 +0.000000 +0.005941
-1.000000 -1.000000 +1.000000 +0.030381
-1.000000 +0.000000 -1.000000 +0.017401
-1.000000 +0.000000 +0.000000 +0.073098
-1.000000 +0.000000 +1.000000 +0.032785
-1.000000 +1.000000 -1.000000 +0.062756
-1.000000 +1.000000 +0.000000 +0.062109
-1.000000 +1.000000 +1.000000 +0.020047
-2.000000 -1.000000 -1.000000 +0.034238
-2.000000 -1.000000 +0.000000 +0.033641
-2.000000 -1.000000 +1.000000 +0.019748
-2.000000 +0.000000 -1.000000 +0.069407
-2.000000 +0.000000 +0.000000 +0.000352
-2.000000 +0.000000 +1.000000 +0.069203
-2.000000 +1.000000 -1.000000 +0.040910
-2.000000 +1.000000 +0.000000 +0.066015
-2.000000 +1.000000 +1.000000 +0.011060
X pX
+1.500000 +0.294053
-1.000000 +0.361372
-2.000000 +0.344575
T1 pT1
-1.000000 +0.315295
+0.000000 +0.337520
+1.000000 +0.347185
T2 pT2
-1.000000 +0.351893
+0.000000 +0.383848
+1.000000 +0.264259
