-0.0579 +0.0000 +0.0000 -1
-1.6873 -0.0579 +0.0000 -1
-8.5791 -1.6873 -0.0579 -1
-0.0361 -8.5791 -1.6873 +1
+2.2593 -0.0361 -8.5791 +1
+2.7162 +2.2593 -0.0361 +1
+5.0299 +2.7162 +2.2593 +1
-0.4271 +5.0299 +2.7162 -1
-1.4395 -0.4271 +5.0299 -1
+0.6479 -1.4395 -0.4271 +1
+1.7985 +0.6479 -1.4395 +1
+0.5161 +1.7985 +0.6479 -1
-1.4625 +0.5161 +1.7985 -1
-0.2755 -1.4625 +0.5161 +1
+1.9160 -0.2755 -1.4625 +1
+3.7085 +1.9160 -0.2755 +1
+0.9589 +3.7085 +1.9160 -1
-2.1956 +0.9589 +3.7085 -1
-3.4807 -2.1956 +0.9589 -1
-6.5919 -3.4807 -2.1956 -1
+0.6977 -6.5919 -3.4807 +1
+2.0464 +0.6977 -6.5919 +1
+0.5977 +2.0464 +0.6977 -1
+0.7570 +0.5977 +2.0464 +1
-0.6603 +0.7570 +0.5977 -1
+1.7392 -0.6603 +0.7570 +1
-1.0515 +1.7392 -0.6603 -1
-1.1329 -1.0515 +1.7392 -1
-6.4441 -1.1329 -1.0515 -1
-0.1175 -6.4441 -1.1329 +1
+1.4246 -0.1175 -6.4441 +1
+2.7027 +1.4246 -0.1175 +1
-0.6735 +2.7027 +1.4246 -1
-1.3107 -0.6735 +2.7027 -1
+0.0962 -1.3107 -0.6735 +1
+2.0120 +0.0962 -1.3107 +1
+0.3972 +2.0120 +0.0962 -1
-2.2491 +0.3972 +2.0120 -1
+0.1051 -2.2491 +0.3972 +1
-0.8120 +0.1051 -2.2491 -1
-0.7851 -0.8120 +0.1051 -1
+0.3784 -0.7851 -0.8120 +1
-1.3584 +0.3784 -0.7851 -1
+0.0740 -1.3584 +0.3784 +1
+0.9914 +0.0740 -1.3584 +1
+0.4060 +0.9914 +0.0740 -1
+0.8842 +0.4060 +0.9914 +1
-1.0002 +0.8842 +0.4060 -1
+0.5452 -1.0002 +0.8842 +1
+1.0995 +0.5452 -1.0002 +1
+0.1863 +1.0995 +0.5452 -1
+1.3411 +0.1863 +1.0995 +1
-0.6336 +1.3411 +0.1863 -1
-1.3829 -0.6336 +1.3411 -1
+0.4848 -1.3829 -0.6336 +1
+1.3826 +0.4848 -1.3829 +1
+3.6024 +1.3826 +0.4848 +1
+2.3968 +3.6024 +1.3826 +1
+0.0803 +2.3968 +3.6024 -1
+0.8107 +0.0803 +2.3968 +1
+0.8775 +0.8107 +0.0803 +1
+0.2239 +0.8775 +0.8107 -1
+1.0380 +0.2239 +0.8775 +1
+0.0246 +1.0380 +0.2239 -1
-1.1649 +0.0246 +1.0380 -1
+0.2086 -1.1649 +0.0246 +1
-0.9848 +0.2086 -1.1649 -1
+0.3711 -0.9848 +0.2086 +1
+0.7908 +0.3711 -0.9848 +1
+4.1709 +0.7908 +0.3711 +1
+6.7867 +4.1709 +0.7908 +1
+0.1517 +6.7867 +4.1709 -1
+1.4758 +0.1517 +6.7867 +1
-1.1691 +1.4758 +0.1517 -1
-1.2937 -1.1691 +1.4758 -1
-0.1057 -1.2937 -1.1691 +1
+1.0025 -0.1057 -1.2937 +1
+4.9251 +1.0025 -0.1057 +1
+3.2266 +4.9251 +1.0025 +1
-1.6725 +3.2266 +4.9251 -1
-0.4391 -1.6725 +3.2266 -1
-0.1198 -0.4391 -1.6725 +1
-0.6929 -0.1198 -0.4391 -1
-1.8654 -0.6929 -0.1198 -1
+0.0626 -1.8654 -0.6929 +1
-1.0330 +0.0626 -1.8654 -1
-1.5544 -1.0330 +0.0626 -1
-0.1748 -1.5544 -1.0330 +1
-1.5859 -0.1748 -1.5544 -1
-1.8691 -1.5859 -0.1748 -1
+0.1179 -1.8691 -1.5859 +1
-0.9951 +0.1179 -1.8691 -1
-0.5908 -0.9951 +0.1179 -1
-0.8377 -0.5908 -0.9951 -1
-4.9487 -0.8377 -0.5908 -1
-0.3561 -4.9487 -0.8377 +1
+0.8600 -0.3561 -4.9487 +1
-0.4002 +0.8600 -0.3561 -1
-1.5922 -0.4002 +0.8600 -1
+0.1386 -1.5922 -0.4002 +1
+1.6246 +0.1386 -1.5922 +1
-0.5469 +1.6246 +0.1386 -1
-0.6245 -0.5469 +1.6246 -1
+0.3929 -0.6245 -0.5469 +1
-1.4995 +0.3929 -0.6245 -1
+0.7650 -1.4995 +0.3929 +1
-1.1664 +0.7650 -1.4995 -1
-1.5542 -1.1664 +0.7650 -1
-4.7199 -1.5542 -1.1664 -1
-4.8676 -4.7199 -1.5542 -1
+0.0726 -4.8676 -4.7199 +1
+1.3008 +0.0726 -4.8676 +1
+3.6236 +1.3008 +0.0726 +1
-0.1411 +3.6236 +1.3008 -1
-1.6170 -0.1411 +3.6236 -1
-3.3176 -1.6170 -0.1411 -1
-4.7474 -3.3176 -1.6170 -1
+0.5830 -4.7474 -3.3176 +1
+1.9965 +0.5830 -4.7474 +1
-1.3393 +1.9965 +0.5830 -1
-2.0484 -1.3393 +1.9965 -1
-2.7681 -2.0484 -1.3393 -1
-2.4426 -2.7681 -2.0484 -1
-0.6021 -2.4426 -2.7681 +1
-0.0936 -0.6021 -2.4426 -1
-1.5384 -0.0936 -0.6021 -1
-6.7018 -1.5384 -0.0936 -1
-0.1708 -6.7018 -1.5384 +1
-1.2695 -0.1708 -6.7018 -1
-0.6035 -1.2695 -0.1708 -1
-8.8471 -0.6035 -1.2695 -1
-0.3285 -8.8471 -0.6035 +1
+1.8089 -0.3285 -8.8471 +1
+0.3016 +1.8089 -0.3285 -1
+0.1506 +0.3016 +1.8089 +1
+2.7822 +0.1506 +0.3016 +1
+1.9840 +2.7822 +0.1506 +1
+2.4997 +1.9840 +2.7822 +1
-0.1391 +2.4997 +1.9840 -1
+1.3985 -0.1391 +2.4997 +1
-0.6127 +1.3985 -0.1391 -1
-1.5058 -0.6127 +1.3985 -1
-2.5050 -1.5058 -0.6127 -1
-0.2191 -2.5050 -1.5058 +1
+3.0332 -0.2191 -2.5050 +1
+3.7677 +3.0332 -0.2191 +1
+1.6273 +3.7677 +3.0332 +1
+2.4762 +1.6273 +3.7677 +1
-0.4046 +2.4762 +1.6273 -1
-2.5127 -0.4046 +2.4762 -1
-2.7483 -2.5127 -0.4046 -1
-5.9476 -2.7483 -2.5127 -1
-0.0001 -5.9476 -2.7483 +1
-0.9542 -0.0001 -5.9476 -1
-2.1516 -0.9542 -0.0001 -1
-3.4665 -2.1516 -0.9542 -1
-4.8425 -3.4665 -2.1516 -1
-1.6224 -4.8425 -3.4665 -1
-0.6414 -1.6224 -4.8425 +1
+1.7103 -0.6414 -1.6224 +1
-0.2012 +1.7103 -0.6414 -1
-1.6667 -0.2012 +1.7103 -1
-0.7488 -1.6667 -0.2012 +1
+2.2170 -0.7488 -1.6667 +1
+0.0865 +2.2170 -0.7488 -1
+1.5798 +0.0865 +2.2170 +1
-0.5800 +1.5798 +0.0865 -1
+0.5007 -0.5800 +1.5798 +1
-1.6763 +0.5007 -0.5800 -1
+0.6315 -1.6763 +0.5007 +1
-0.6274 +0.6315 -1.6763 -1
-2.4859 -0.6274 +0.6315 -1
-0.0981 -2.4859 -0.6274 +1
+0.3315 -0.0981 -2.4859 +1
+2.3917 +0.3315 -0.0981 +1
+4.4088 +2.3917 +0.3315 +1
+5.0726 +4.4088 +2.3917 +1
+6.4057 +5.0726 +4.4088 +1
+4.3130 +6.4057 +5.0726 +1
+4.2103 +4.3130 +6.4057 +1
+2.3980 +4.2103 +4.3130 +1
+1.5249 +2.3980 +4.2103 +1
+0.4084 +1.5249 +2.3980 -1
-1.1519 +0.4084 +1.5249 -1
-3.0106 -1.1519 +0.4084 -1
+0.2647 -3.0106 -1.1519 +1
+1.2138 +0.2647 -3.0106 +1
+5.7455 +1.2138 +0.2647 +1
+5.3777 +5.7455 +1.2138 +1
-0.1157 +5.3777 +5.7455 -1
-2.0061 -0.1157 +5.3777 -1
-0.0202 -2.0061 -0.1157 +1
-0.5578 -0.0202 -2.0061 -1
+1.6208 -0.5578 -0.0202 +1
+2.3647 +1.6208 -0.5578 +1
-0.8316 +2.3647 +1.6208 -1
-1.3061 -0.8316 +2.3647 -1
-1.5599 -1.3061 -0.8316 +1
+0.5903 -1.5599 -1.3061 +1
-0.3450 +0.5903 -1.5599 -1
-1.4777 -0.3450 +0.5903 -1
-3.7146 -1.4777 -0.3450 -1
-3.8158 -3.7146 -1.4777 -1
-2.3375 -3.8158 -3.7146 -1
+0.0469 -2.3375 -3.8158 +1
+2.2562 +0.0469 -2.3375 +1
+3.5139 +2.2562 +0.0469 +1
+2.4652 +3.5139 +2.2562 +1
-0.4925 +2.4652 +3.5139 -1
+1.6591 -0.4925 +2.4652 +1
+1.2277 +1.6591 -0.4925 +1
+0.1948 +1.2277 +1.6591 -1
+0.8846 +0.1948 +1.2277 +1
+1.1606 +0.8846 +0.1948 +1
+0.1853 +1.1606 +0.8846 -1
+0.4798 +0.1853 +1.1606 +1
-0.4454 +0.4798 +0.1853 -1
-0.7444 -0.4454 +0.4798 -1
-1.6436 -0.7444 -0.4454 -1
-2.7306 -1.6436 -0.7444 -1
-2.4429 -2.7306 -1.6436 -1
-2.6027 -2.4429 -2.7306 -1
-5.4845 -2.6027 -2.4429 -1
-0.0461 -5.4845 -2.6027 +1
+1.8357 -0.0461 -5.4845 +1
-0.4733 +1.8357 -0.0461 -1
-1.6776 -0.4733 +1.8357 -1
-0.5974 -1.6776 -0.4733 +1
+1.3275 -0.5974 -1.6776 +1
+3.9856 +1.3275 -0.5974 +1
+4.1670 +3.9856 +1.3275 +1
+0.2768 +4.1670 +3.9856 -1
+1.4955 +0.2768 +4.1670 +1
+1.3588 +1.4955 +0.2768 +1
+0.3940 +1.3588 +1.4955 -1
-0.8695 +0.3940 +1.3588 -1
-3.8703 -0.8695 +0.3940 -1
-3.4637 -3.8703 -0.8695 -1
-2.4705 -3.4637 -3.8703 -1
-0.0264 -2.4705 -3.4637 +1
-1.3202 -0.0264 -2.4705 -1
-1.9115 -1.3202 -0.0264 -1
-0.2602 -1.9115 -1.3202 +1
+0.8436 -0.2602 -1.9115 +1
+0.5134 +0.8436 -0.2602 -1
-3.7569 +0.5134 +0.8436 -1
-0.0369 -3.7569 +0.5134 +1
+1.6054 -0.0369 -3.7569 +1
+3.9500 +1.6054 -0.0369 +1
+3.3184 +3.9500 +1.6054 +1
-0.6495 +3.3184 +3.9500 -1
-1.9426 -0.6495 +3.3184 -1
-5.5284 -1.9426 -0.6495 -1
+0.2785 -5.5284 -1.9426 +1
+1.2422 +0.2785 -5.5284 +1
+4.4128 +1.2422 +0.2785 +1
-0.0254 +4.4128 +1.2422 -1
-1.9556 -0.0254 +4.4128 -1
-0.2984 -1.9556 -0.0254 +1
-1.8087 -0.2984 -1.9556 -1
+0.4990 -1.8087 -0.2984 +1
-1.2450 +0.4990 -1.8087 -1
-1.5908 -1.2450 +0.4990 -1
-3.0505 -1.5908 -1.2450 -1
+0.0922 -3.0505 -1.5908 +1
-0.4733 +0.0922 -3.0505 -1
-1.4748 -0.4733 +0.0922 -1
-2.3516 -1.4748 -0.4733 -1
-3.9106 -2.3516 -1.4748 -1
-4.0889 -3.9106 -2.3516 -1
+0.3319 -4.0889 -3.9106 +1
+1.7561 +0.3319 -4.0889 +1
+0.0554 +1.7561 +0.3319 -1
-1.8625 +0.0554 +1.7561 -1
-3.8641 -1.8625 +0.0554 -1
-0.3589 -3.8641 -1.8625 +1
+1.3742 -0.3589 -3.8641 +1
+3.9315 +1.3742 -0.3589 +1
+0.6821 +3.9315 +1.3742 -1
+0.6644 +0.6821 +3.9315 +1
-1.1276 +0.6644 +0.6821 -1
-1.3519 -1.1276 +0.6644 -1
+0.0586 -1.3519 -1.1276 +1
+1.5165 +0.0586 -1.3519 +1
+3.7922 +1.5165 +0.0586 +1
+1.4739 +3.7922 +1.5165 +1
+6.2093 +1.4739 +3.7922 +1
+4.6778 +6.2093 +1.4739 +1
+3.0441 +4.6778 +6.2093 +1
+2.7555 +3.0441 +4.6778 +1
+2.7141 +2.7555 +3.0441 +1
+1.7548 +2.7141 +2.7555 +1
+3.2707 +1.7548 +2.7141 +1
+5.9128 +3.2707 +1.7548 +1
-0.6670 +5.9128 +3.2707 -1
+0.1021 -0.6670 +5.9128 +1
+1.4921 +0.1021 -0.6670 +1
+2.0385 +1.4921 +0.1021 +1
+3.2177 +2.0385 +1.4921 +1
-0.3050 +3.2177 +2.0385 -1
+1.1335 -0.3050 +3.2177 +1
+1.2181 +1.1335 -0.3050 +1
+0.0488 +1.2181 +1.1335 -1
-1.2248 +0.0488 +1.2181 -1
+0.1626 -1.2248 +0.0488 +1
+1.8903 +0.1626 -1.2248 +1
+3.2094 +1.8903 +0.1626 +1
-1.1564 +3.2094 +1.8903 -1
-1.3342 -1.1564 +3.2094 -1
-0.3803 -1.3342 -1.1564 +1
+1.9319 -0.3803 -1.3342 +1
+2.0585 +1.9319 -0.3803 +1
+0.4212 +2.0585 +1.9319 -1
-2.2756 +0.4212 +2.0585 -1
-4.7507 -2.2756 +0.4212 -1
-3.0712 -4.7507 -2.2756 -1
+1.0819 -3.0712 -4.7507 +1
+0.9176 +1.0819 -3.0712 +1
+7.5253 +0.9176 +1.0819 +1
+0.1974 +7.5253 +0.9176 -1
+0.4574 +0.1974 +7.5253 +1
+2.1427 +0.4574 +0.1974 +1
+3.9754 +2.1427 +0.4574 +1
+2.9798 +3.9754 +2.1427 +1
+3.0213 +2.9798 +3.9754 +1
-0.9158 +3.0213 +2.9798 -1
+0.8039 -0.9158 +3.0213 +1
+1.9309 +0.8039 -0.9158 +1
+0.1060 +1.9309 +0.8039 -1
+0.7178 +0.1060 +1.9309 +1
-0.3827 +0.7178 +0.1060 -1
+0.6863 -0.3827 +0.7178 +1
-0.5824 +0.6863 -0.3827 -1
-2.5431 -0.5824 +0.6863 -1
-3.9285 -2.5431 -0.5824 -1
+0.1148 -3.9285 -2.5431 +1
+2.1023 +0.1148 -3.9285 +1
+3.6855 +2.1023 +0.1148 +1
+4.1791 +3.6855 +2.1023 +1
+0.5238 +4.1791 +3.6855 -1
+1.6938 +0.5238 +4.1791 +1
+1.1366 +1.6938 +0.5238 +1
+3.9964 +1.1366 +1.6938 +1
+0.6592 +3.9964 +1.1366 -1
-1.3918 +0.6592 +3.9964 -1
-3.5797 -1.3918 +0.6592 -1
+0.5985 -3.5797 -1.3918 +1
+2.2664 +0.5985 -3.5797 +1
-0.2659 +2.2664 +0.5985 -1
-1.5067 -0.2659 +2.2664 -1
-5.7489 -1.5067 -0.2659 -1
-0.0996 -5.7489 -1.5067 +1
+2.2730 -0.0996 -5.7489 +1
+2.0937 +2.2730 -0.0996 +1
+0.4201 +2.0937 +2.2730 -1
+0.6922 +0.4201 +2.0937 +1
+1.0569 +0.6922 +0.4201 +1
-0.2980 +1.0569 +0.6922 -1
-3.8271 -0.2980 +1.0569 -1
-3.7713 -3.8271 -0.2980 -1
-0.4773 -3.7713 -3.8271 +1
-2.0635 -0.4773 -3.7713 -1
+0.8854 -2.0635 -0.4773 +1
+1.1219 +0.8854 -2.0635 +1
+3.0698 +1.1219 +0.8854 +1
+3.8183 +3.0698 +1.1219 +1
+3.8823 +3.8183 +3.0698 +1
+3.1339 +3.8823 +3.8183 +1
+3.2202 +3.1339 +3.8823 +1
-0.1598 +3.2202 +3.1339 -1
+0.7554 -0.1598 +3.2202 +1
+0.9229 +0.7554 -0.1598 +1
+2.0758 +0.9229 +0.7554 +1
-0.4655 +2.0758 +0.9229 -1
-1.1581 -0.4655 +2.0758 -1
-3.6187 -1.1581 -0.4655 -1
+0.3678 -3.6187 -1.1581 +1
+2.5675 +0.3678 -3.6187 +1
+2.6302 +2.5675 +0.3678 +1
-0.4354 +2.6302 +2.5675 -1
-3.4227 -0.4354 +2.6302 -1
-0.0845 -3.4227 -0.4354 +1
+2.0746 -0.0845 -3.4227 +1
+6.6899 +2.0746 -0.0845 +1
+0.0304 +6.6899 +2.0746 -1
-1.8742 +0.0304 +6.6899 -1
+0.0882 -1.8742 +0.0304 +1
+0.9858 +0.0882 -1.8742 +1
+3.7656 +0.9858 +0.0882 +1
-0.0323 +3.7656 +0.9858 -1
-2.6326 -0.0323 +3.7656 -1
-4.1676 -2.6326 -0.0323 -1
-2.9891 -4.1676 -2.6326 -1
-1.9700 -2.9891 -4.1676 -1
+0.2219 -1.9700 -2.9891 +1
-0.0230 +0.2219 -1.9700 -1
+0.5467 -0.0230 +0.2219 +1
+1.6478 +0.5467 -0.0230 +1
+3.3836 +1.6478 +0.5467 +1
+3.8553 +3.3836 +1.6478 +1
+2.2980 +3.8553 +3.3836 +1
-0.0414 +2.2980 +3.8553 -1
+0.7260 -0.0414 +2.2980 +1
+1.2550 +0.7260 -0.0414 +1
+3.1153 +1.2550 +0.7260 +1
-0.1035 +3.1153 +1.2550 -1
-1.5031 -0.1035 +3.1153 -1
-2.0865 -1.5031 -0.1035 -1
-0.1522 -2.0865 -1.5031 +1
-0.8910 -0.1522 -2.0865 -1
-3.1300 -0.8910 -0.1522 -1
+0.0745 -3.1300 -0.8910 +1
-0.8454 +0.0745 -3.1300 -1
-2.0341 -0.8454 +0.0745 -1
-3.1076 -2.0341 -0.8454 -1
-4.0831 -3.1076 -2.0341 -1
-0.1088 -4.0831 -3.1076 +1
+0.8201 -0.1088 -4.0831 +1
+0.3582 +0.8201 -0.1088 -1
+0.4446 +0.3582 +0.8201 +1
-0.8312 +0.4446 +0.3582 -1
+0.9528 -0.8312 +0.4446 +1
+2.0998 +0.9528 -0.8312 +1
+0.3000 +2.0998 +0.9528 -1
+0.2608 +0.3000 +2.0998 +1
-0.2876 +0.2608 +0.3000 -1
+1.2210 -0.2876 +0.2608 +1
-1.4732 +1.2210 -0.2876 -1
+0.4152 -1.4732 +1.2210 +1
+1.2319 +0.4152 -1.4732 +1
-0.2160 +1.2319 +0.4152 -1
-0.9066 -0.2160 +1.2319 -1
-2.3564 -0.9066 -0.2160 -1
-3.3215 -2.3564 -0.9066 -1
+0.4222 -3.3215 -2.3564 +1
-0.8302 +0.4222 -3.3215 -1
+1.7596 -0.8302 +0.4222 +1
-0.3177 +1.7596 -0.8302 -1
-2.6669 -0.3177 +1.7596 -1
-2.5496 -2.6669 -0.3177 -1
+0.1477 -2.5496 -2.6669 +1
-1.0093 +0.1477 -2.5496 -1
+1.3972 -1.0093 +0.1477 +1
+1.2062 +1.3972 -1.0093 +1
-0.2283 +1.2062 +1.3972 -1
+1.2166 -0.2283 +1.2062 +1
+1.4341 +1.2166 -0.2283 +1
+0.0382 +1.4341 +1.2166 -1
+1.6188 +0.0382 +1.4341 +1
-1.1725 +1.6188 +0.0382 -1
+1.0218 -1.1725 +1.6188 +1
+2.1460 +1.0218 -1.1725 +1
+2.2102 +2.1460 +1.0218 +1
+3.7848 +2.2102 +2.1460 +1
-0.0679 +3.7848 +2.2102 -1
+1.1490 -0.0679 +3.7848 +1
+1.7079 +1.1490 -0.0679 +1
+0.0117 +1.7079 +1.1490 -1
+0.4891 +0.0117 +1.7079 +1
-0.4441 +0.4891 +0.0117 -1
+1.8982 -0.4441 +0.4891 +1
-0.6403 +1.8982 -0.4441 -1
+1.4002 -0.6403 +1.8982 +1
+1.5447 +1.4002 -0.6403 +1
+3.0761 +1.5447 +1.4002 +1
+0.0723 +3.0761 +1.5447 -1
-3.0083 +0.0723 +3.0761 -1
-1.7711 -3.0083 +0.0723 -1
+0.3809 -1.7711 -3.0083 +1
+0.4840 +0.3809 -1.7711 +1
+2.0709 +0.4840 +0.3809 +1
+4.5969 +2.0709 +0.4840 +1
+3.3919 +4.5969 +2.0709 +1
+3.5813 +3.3919 +4.5969 +1
+1.8180 +3.5813 +3.3919 +1
+0.0502 +1.8180 +3.5813 -1
-1.3825 +0.0502 +1.8180 -1
-2.7785 -1.3825 +0.0502 -1
-0.6237 -2.7785 -1.3825 +1
-0.4020 -0.6237 -2.7785 -1
+0.3842 -0.4020 -0.6237 +1
+1.5538 +0.3842 -0.4020 +1
+0.6430 +1.5538 +0.3842 -1
-0.7190 +0.6430 +1.5538 -1
-3.0841 -0.7190 +0.6430 -1
+0.4377 -3.0841 -0.7190 +1
+0.8081 +0.4377 -3.0841 +1
+0.3356 +0.8081 +0.4377 -1
+1.4478 +0.3356 +0.8081 +1
+0.8726 +1.4478 +0.3356 +1
+3.8418 +0.8726 +1.4478 +1
+11.5690 +3.8418 +0.8726 +1
+5.3819 +11.5690 +3.8418 +1
+0.5188 +5.3819 +11.5690 -1
-1.1102 +0.5188 +5.3819 -1
-5.8282 -1.1102 +0.5188 -1
-7.8648 -5.8282 -1.1102 -1
-3.7494 -7.8648 -5.8282 -1
-0.4176 -3.7494 -7.8648 +1
-1.8570 -0.4176 -3.7494 -1
